0,48,41,17,58,17,28,66,64,30,24,46,68,68,44,25,64,33,67,3,40,54,14,25,14,24,30,41,4,41,21,18,18,12,71,70,61,54,14,27,14,1,24,52,47,41,33,22,38,57,57,43,56,48,10,38,26,7,11,15,50,32,52,20,1,40,21,71,68,30,2,50,62,72,5,34,44,51,54,49,54,28,44,9,5,73,22,45,72,14,15,26,70,29,21,12,30,28,10,33
48,0,7,46,1,43,59,18,34,43,5,37,48,17,62,72,63,38,21,56,18,71,46,45,13,7,19,64,68,52,54,18,43,60,30,74,7,24,38,5,54,42,40,62,64,59,24,34,56,9,9,20,39,72,53,24,22,63,68,48,19,7,63,44,71,5,44,22,62,15,33,30,62,51,16,24,10,50,43,13,11,36,68,41,3,4,60,34,29,59,27,40,53,65,25,49,73,6,44,31
41,7,0,23,20,57,74,14,58,15,74,60,32,54,37,60,27,6,44,68,15,32,56,3,71,57,42,14,37,39,74,64,72,51,30,70,36,18,30,53,42,56,74,72,40,72,9,4,23,43,40,67,41,32,41,53,2,60,11,36,20,28,49,13,21,15,15,25,66,35,30,14,72,31,63,46,28,65,59,35,61,67,32,25,45,67,52,28,55,71,41,40,24,6,14,7,35,1,68,48
17,46,23,0,1,3,16,34,10,1,54,27,58,33,33,4,4,7,44,18,63,64,72,37,17,17,40,57,26,35,48,68,12,53,43,33,66,30,14,47,47,25,60,74,73,10,18,2,45,9,31,66,41,28,16,33,71,10,35,64,4,52,73,21,10,51,68,46,67,15,56,26,31,12,61,47,55,60,5,71,37,56,55,62,12,34,46,69,62,67,44,44,64,3,66,31,3,56,12,11
58,1,20,1,0,45,19,24,30,31,29,46,13,14,8,24,57,18,55,52,61,62,22,23,39,25,62,60,42,20,51,18,34,29,40,74,56,73,18,40,4,57,45,64,74,69,31,1,41,16,17,25,8,56,56,41,26,62,41,71,67,27,41,26,47,59,56,10,61,2,31,55,58,28,56,67,18,10,17,26,22,69,4,44,13,63,13,38,74,27,4,16,30,25,17,70,51,72,33,70
17,43,57,3,45,0,1,46,60,18,70,57,62,43,59,25,17,24,44,62,22,30,64,46,74,16,62,51,19,36,30,45,60,8,61,63,27,32,43,52,55,57,29,32,71,43,63,21,47,44,72,7,38,39,7,67,66,33,58,11,46,20,33,63,15,23,36,25,60,74,12,18,52,28,73,72,48,64,30,47,73,42,70,54,36,48,66,15,30,74,30,49,67,74,49,9,3,46,42,72
28,59,74,16,19,1,0,56,50,39,20,72,40,3,52,39,5,66,25,17,9,24,17,49,5,21,21,66,33,56,45,58,9,73,63,4,35,25,47,18,43,45,45,34,3,39,31,8,35,34,41,60,52,65,4,17,35,71,59,34,25,5,55,38,15,32,13,56,28,70,2,62,47,40,49,54,7,65,2,22,14,69,6,44,48,49,64,5,61,40,52,16,41,52,71,33,7,5,47,59
66,18,14,34,24,46,56,0,52,26,71,39,71,6,16,58,68,58,22,12,63,59,21,17,24,62,61,43,43,22,52,59,33,34,35,21,50,67,68,56,20,52,10,10,15,11,44,6,61,54,69,37,49,66,40,21,73,3,25,73,28,23,9,68,11,25,67,37,46,44,52,3,40,3,62,26,63,19,44,70,4,4,2,51,45,9,59,46,6,6,11,59,7,18,19,8,64,52,55,49
64,34,58,10,30,60,50,52,0,39,25,49,9,11,2,72,72,10,35,49,22,56,42,32,20,56,67,54,31,70,19,40,71,20,19,69,6,23,44,16,48,60,38,49,59,18,45,9,39,63,69,37,21,49,68,38,73,15,9,23,30,32,24,52,7,30,22,23,8,44,21,12,1,21,41,65,4,67,10,62,60,68,11,38,30,13,43,45,16,39,74,37,52,31,3,22,60,26,7,38
30,43,15,1,31,18,39,26,39,0,28,55,39,60,61,15,10,61,48,2,67,39,41,45,57,64,29,7,55,25,63,28,62,14,10,66,4,51,55,33,29,73,30,33,12,25,24,67,19,23,31,53,11,65,7,35,3,56,52,16,51,42,63,42,67,32,27,37,19,69,35,19,32,52,30,14,64,44,28,17,17,39,33,55,6,63,51,11,64,15,45,41,13,1,58,57,32,5,44,13
24,5,74,54,29,70,20,71,25,28,0,54,40,19,68,57,66,6,14,55,52,58,38,32,46,64,50,39,23,53,29,43,66,63,67,70,61,1,1,7,20,2,32,26,41,69,23,26,64,26,11,38,64,29,52,47,34,36,71,7,21,34,44,65,35,33,56,35,64,35,37,37,17,7,5,66,18,64,53,65,70,11,30,73,48,67,36,2,47,18,40,54,45,44,33,19,32,1,46,71
46,37,60,27,46,57,72,39,49,55,54,0,8,3,66,19,1,61,11,66,8,27,44,44,50,48,33,11,56,18,49,64,7,72,3,62,62,4,41,70,24,60,45,59,60,4,21,49,37,72,56,43,23,19,66,34,61,8,64,3,67,67,39,9,14,53,62,3,57,71,26,48,26,17,59,54,21,44,32,7,2,37,21,26,22,13,30,52,16,50,33,33,13,15,46,20,42,70,53,51
68,48,32,58,13,62,40,71,9,39,40,8,0,71,58,45,71,5,20,74,58,36,51,31,29,16,29,3,35,25,73,42,63,31,35,62,74,39,69,55,42,72,62,72,48,29,36,68,2,12,35,41,5,49,66,9,33,21,73,46,19,10,41,62,62,62,16,41,65,9,64,67,17,6,36,62,35,31,38,10,10,65,45,20,64,5,34,54,26,30,39,67,58,6,21,29,64,32,18,45
68,17,54,33,14,43,3,6,11,60,19,3,71,0,36,67,70,61,53,55,67,5,25,1,62,38,28,17,40,22,6,7,6,31,10,33,67,27,9,43,65,26,4,11,6,55,34,50,52,43,47,65,50,65,35,11,6,53,23,50,49,40,53,38,37,37,70,29,9,18,51,63,72,16,57,44,30,38,37,49,56,23,7,62,29,58,14,9,67,65,74,64,3,41,74,38,65,6,74,69
44,62,37,33,8,59,52,16,2,61,68,66,58,36,0,42,32,26,54,2,28,69,41,36,37,23,71,73,39,74,34,32,16,15,62,54,40,62,38,41,16,44,11,4,51,46,17,31,47,42,10,13,1,31,37,12,50,2,9,71,73,3,37,64,18,62,61,47,1,29,67,51,29,47,19,43,73,63,21,51,27,74,7,19,61,7,40,60,55,11,33,26,36,44,11,67,48,13,42,69
25,72,60,4,24,25,39,58,72,15,57,19,45,67,42,0,58,51,35,20,43,19,24,68,66,59,69,14,39,47,68,50,29,55,61,45,7,69,4,39,9,29,61,19,66,53,28,19,19,57,4,51,46,56,73,29,20,65,60,35,7,42,14,40,27,24,54,39,59,16,51,4,60,51,71,7,68,38,46,24,6,63,11,28,47,74,39,74,17,30,52,5,56,32,61,29,24,73,54,31
64,63,27,4,57,17,5,68,72,10,66,1,71,70,32,58,0,8,55,48,6,9,73,37,2,4,11,67,35,42,37,6,67,22,20,44,36,28,49,70,46,21,16,33,3,65,46,16,39,4,64,33,41,42,51,28,6,34,4,55,3,71,55,70,38,18,20,57,74,27,56,9,45,32,55,20,8,34,48,10,34,49,62,23,30,66,52,18,57,22,21,1,28,33,23,22,18,70,64,30
33,38,6,7,18,24,66,58,10,61,6,61,5,61,26,51,8,0,36,42,37,20,74,14,64,3,25,56,48,13,71,41,19,43,68,67,36,33,24,5,56,10,27,30,66,2,63,22,19,37,54,15,17,73,44,23,72,67,15,1,53,65,9,3,45,45,39,1,51,71,65,9,27,18,42,46,23,60,59,58,26,5,53,74,13,9,68,36,64,60,14,19,5,46,58,38,3,74,38,25
67,21,44,44,55,44,25,22,35,48,14,11,20,53,54,35,55,36,0,13,47,43,56,12,27,11,63,26,21,1,60,37,40,65,54,50,14,41,72,45,60,73,66,16,3,34,2,36,71,19,29,32,62,62,34,29,69,55,55,71,38,59,34,63,29,55,73,39,32,16,24,9,28,25,26,61,40,39,58,9,47,26,25,43,64,15,50,67,15,23,37,66,38,21,40,43,31,2,53,38
3,56,68,18,52,62,17,12,49,2,55,66,74,55,2,20,48,42,13,0,29,5,27,18,16,61,30,4,28,58,13,68,24,25,16,57,6,71,12,22,51,11,38,54,69,55,56,31,18,39,17,63,50,61,59,35,23,51,74,57,62,53,45,56,37,65,6,72,8,41,30,8,54,46,58,42,61,43,70,65,38,59,36,62,24,73,21,6,56,62,69,25,60,40,35,61,71,6,53,18
40,18,15,63,61,22,9,63,22,67,52,8,58,67,28,43,6,37,47,29,0,30,20,62,74,49,53,69,51,43,29,47,27,31,28,35,38,68,16,26,43,37,20,43,65,5,33,7,42,40,57,18,44,34,64,49,27,26,19,71,23,12,27,55,53,52,1,28,67,24,45,23,10,29,61,73,64,7,25,18,24,73,41,56,63,13,67,8,56,54,54,10,33,38,40,64,51,60,40,71
54,71,32,64,62,30,24,59,56,39,58,27,36,5,69,19,9,20,43,5,30,0,5,41,21,36,51,16,46,25,66,10,8,71,12,12,12,7,34,50,62,59,53,35,53,71,38,23,59,18,18,35,46,46,10,10,22,55,31,62,70,30,4,43,56,24,37,17,70,36,40,17,8,5,61,58,15,67,51,49,74,3,32,37,44,7,49,4,42,53,37,46,16,48,29,8,28,20,18,47
14,46,56,72,22,64,17,21,42,41,38,44,51,25,41,24,73,74,56,27,20,5,0,39,31,17,64,64,22,46,58,71,69,29,13,59,9,12,27,63,44,44,69,43,1,60,46,36,20,20,36,17,4,13,20,15,45,61,60,60,53,64,58,16,74,7,49,16,19,26,15,38,71,30,44,45,53,30,64,69,56,22,59,11,38,46,53,29,54,66,5,11,64,32,31,71,56,73,18,8
25,45,3,37,23,46,49,17,32,45,32,44,31,1,36,68,37,14,12,18,62,41,39,0,29,38,43,73,37,30,74,20,50,72,50,23,40,1,66,30,23,71,35,22,7,44,12,6,43,22,27,54,64,26,72,71,16,57,46,69,45,52,56,29,19,3,35,48,21,39,19,23,49,66,64,16,30,66,19,72,46,13,62,49,41,19,3,18,27,47,73,16,57,66,35,12,61,36,9,65
14,13,71,17,39,74,5,24,20,57,46,50,29,62,37,66,2,64,27,16,74,21,31,29,0,48,8,68,3,3,74,51,28,38,57,4,54,52,34,44,26,13,30,69,17,27,25,7,38,62,67,54,29,23,52,66,69,7,36,10,19,66,15,9,41,24,29,59,63,51,31,48,16,46,50,45,26,27,13,59,37,27,58,18,63,61,63,28,29,64,35,43,52,72,41,48,43,69,64,13
24,7,57,17,25,16,21,62,56,64,64,48,16,38,23,59,4,3,11,61,49,36,17,38,48,0,14,19,56,15,73,53,13,64,68,72,43,42,14,39,41,13,37,40,15,47,2,24,40,25,45,27,10,68,48,49,50,56,63,39,12,29,61,13,25,72,60,17,74,5,32,30,30,9,32,46,74,17,27,20,22,14,2,34,19,65,40,68,73,44,9,69,44,66,32,45,6,69,48,8
30,19,42,40,62,62,21,61,67,29,50,33,29,28,71,69,11,25,63,30,53,51,64,43,8,14,0,52,30,7,16,19,17,53,56,41,41,47,73,47,45,68,43,25,71,33,45,54,51,16,7,21,65,42,35,32,58,49,49,12,32,38,28,36,26,58,29,53,36,54,70,39,67,17,65,7,35,2,60,14,13,14,52,16,23,57,38,68,5,33,43,42,61,10,23,1,71,57,56,11
41,64,14,57,60,51,66,43,54,7,39,11,3,17,73,14,67,56,26,4,69,16,64,73,68,19,52,0,26,12,37,60,47,51,48,54,64,47,14,43,13,68,6,26,43,36,60,40,17,53,11,49,47,17,14,13,12,16,71,2,71,2,72,23,39,64,67,14,49,70,73,8,14,56,4,6,37,63,74,1,41,64,68,63,66,56,9,38,13,62,69,13,66,29,29,21,65,55,34,53
4,68,37,26,42,19,33,43,31,55,23,56,35,40,39,39,35,48,21,28,51,46,22,37,3,56,30,26,0,70,13,19,48,60,64,30,9,6,27,62,16,59,49,2,59,69,37,62,10,57,69,62,20,16,39,30,36,74,45,70,37,33,58,56,33,4,7,60,49,3,42,54,9,17,61,11,66,69,1,28,13,40,8,3,70,72,27,48,6,16,3,35,12,74,32,71,54,43,40,53
41,52,39,35,20,36,56,22,70,25,53,18,25,22,74,47,42,13,1,58,43,25,46,30,3,15,7,12,70,0,1,58,69,1,62,57,74,17,69,48,8,20,57,60,8,35,17,69,24,64,20,65,14,57,3,48,42,28,16,59,11,37,1,14,36,63,11,55,52,3,37,72,9,55,48,44,37,43,32,6,22,42,47,69,73,7,49,45,36,27,36,50,72,7,60,44,68,8,22,4
21,54,74,48,51,30,45,52,19,63,29,49,73,6,34,68,37,71,60,13,29,66,58,74,74,73,16,37,13,1,0,38,57,21,17,25,34,55,38,29,68,72,47,10,46,29,74,22,53,40,15,52,4,14,4,66,63,9,31,9,43,71,19,74,26,16,50,73,47,5,28,13,18,4,67,59,28,62,56,47,30,27,7,26,41,35,48,39,61,8,35,44,14,46,4,43,63,37,33,12
18,18,64,68,18,45,58,59,40,28,43,64,42,7,32,50,6,41,37,68,47,10,71,20,51,53,19,60,19,58,38,0,3,56,59,22,9,28,62,63,50,72,70,9,48,36,5,67,37,58,5,20,49,10,48,29,57,49,29,23,26,69,34,33,34,70,17,66,2,26,57,26,46,34,1,45,45,49,26,37,52,66,5,8,49,57,74,10,27,51,28,64,22,10,50,15,65,56,32,1
18,43,72,12,34,60,9,33,71,62,66,7,63,6,16,29,67,19,40,24,27,8,69,50,28,13,17,47,48,69,57,3,0,12,21,65,45,24,22,33,67,69,38,47,54,2,43,4,32,35,2,5,69,40,28,27,12,12,26,25,59,37,35,10,66,50,62,49,73,73,19,47,54,37,63,15,10,1,12,40,38,29,23,1,61,48,34,19,60,61,64,35,72,63,6,18,61,31,35,71
12,60,51,53,29,8,73,34,20,14,63,72,31,31,15,55,22,43,65,25,31,71,29,72,38,64,53,51,60,1,21,56,12,0,72,57,43,68,37,13,25,22,42,5,6,13,71,61,53,72,74,74,12,71,40,6,24,67,62,1,48,60,19,5,20,8,36,31,29,66,32,22,4,17,18,3,52,1,46,31,19,49,24,8,40,13,66,50,63,57,60,47,53,51,24,40,65,5,38,33
71,30,30,43,40,61,63,35,19,10,67,3,35,10,62,61,20,68,54,16,28,12,13,50,57,68,56,48,64,62,17,59,21,72,0,67,47,73,44,63,35,41,14,47,72,40,36,59,7,66,1,38,51,42,36,24,45,68,51,71,8,38,9,41,51,11,58,30,67,23,5,17,7,71,2,9,1,17,1,48,39,19,15,7,28,1,45,36,23,56,63,20,39,34,26,63,73,47,14,10
70,74,70,33,74,63,4,21,69,66,70,62,62,33,54,45,44,67,50,57,35,12,59,23,4,72,41,54,30,57,25,22,65,57,67,0,43,25,20,41,14,51,5,3,22,6,67,63,30,13,32,31,54,31,71,68,71,26,22,66,16,10,39,68,30,16,6,70,45,28,50,59,25,52,16,71,53,13,33,47,69,40,47,51,69,12,31,24,52,66,37,60,25,41,29,67,51,62,9,21
61,7,36,66,56,27,35,50,6,4,61,62,74,67,40,7,36,36,14,6,38,12,9,40,54,43,41,64,9,74,34,9,45,43,47,43,0,57,16,3,33,70,20,43,27,2,38,62,20,4,19,49,25,49,1,54,29,3,31,54,69,73,73,67,65,60,42,31,10,49,64,21,63,6,29,20,12,47,24,71,37,55,1,45,43,60,49,65,67,12,15,59,5,29,23,55,8,59,58,40
54,24,18,30,73,32,25,67,23,51,1,4,39,27,62,69,28,33,41,71,68,7,12,1,52,42,47,47,6,17,55,28,24,68,73,25,57,0,19,6,47,2,5,10,34,50,64,37,4,24,48,59,22,37,61,45,40,25,31,59,26,35,28,51,43,49,37,30,36,5,31,72,58,54,57,56,63,57,73,9,30,37,20,3,73,54,11,11,53,29,6,31,11,60,69,1,49,51,19,63
14,38,30,14,18,43,47,68,44,55,1,41,69,9,38,4,49,24,72,12,16,34,27,66,34,14,73,14,27,69,38,62,22,37,44,20,16,19,0,22,2,7,60,53,58,47,62,3,31,19,36,66,21,45,2,12,62,15,62,26,50,4,55,37,70,22,28,9,72,33,7,54,38,25,56,62,19,40,33,12,45,70,8,67,41,32,12,19,34,40,27,58,66,55,31,45,48,10,37,23
27,5,53,47,40,52,18,56,16,33,7,70,55,43,41,39,70,5,45,22,26,50,63,30,44,39,47,43,62,48,29,63,33,13,63,41,3,6,22,0,43,70,32,3,69,69,27,20,59,38,42,51,7,65,70,8,63,68,1,39,49,29,49,57,43,47,21,63,32,47,62,20,30,42,33,7,56,3,32,3,73,39,68,29,66,19,68,67,30,47,43,67,16,1,66,18,19,48,23,62
14,54,42,47,4,55,43,20,48,29,20,24,42,65,16,9,46,56,60,51,43,62,44,23,26,41,45,13,16,8,68,50,67,25,35,14,33,47,2,43,0,66,70,29,60,12,47,52,7,40,66,20,18,63,37,12,18,49,42,22,47,53,21,31,27,58,11,67,22,37,58,51,12,52,10,71,66,39,51,73,10,56,62,58,15,32,2,25,10,34,43,59,32,40,69,67,41,67,4,60
1,42,56,25,57,57,45,52,60,73,2,60,72,26,44,29,21,10,73,11,37,59,44,71,13,13,68,68,59,20,72,72,69,22,41,51,70,2,7,70,66,0,25,17,61,26,13,3,71,51,64,70,51,68,19,66,69,23,6,57,7,54,34,49,13,40,47,2,35,66,9,33,49,22,71,52,16,42,66,42,56,67,63,10,14,12,3,1,45,46,69,55,23,37,20,55,9,56,60,56
24,40,74,60,45,29,45,10,38,30,32,45,62,4,11,61,16,27,66,38,20,53,69,35,30,37,43,6,49,57,47,70,38,42,14,5,20,5,60,32,70,25,0,25,44,35,7,62,51,20,72,14,23,31,18,15,53,14,39,22,35,69,16,1,68,51,39,39,8,74,27,47,30,1,41,38,19,4,63,4,24,58,72,44,58,54,49,50,70,40,30,50,33,10,33,41,30,30,56,39
52,62,72,74,64,32,34,10,49,33,26,59,72,11,4,19,33,30,16,54,43,35,43,22,69,40,25,26,2,60,10,9,47,5,47,3,43,10,53,3,29,17,25,0,37,7,19,34,48,53,74,69,7,71,13,72,45,18,6,23,61,6,27,10,12,5,52,7,46,13,49,37,22,62,61,70,1,48,1,8,8,28,18,26,19,29,32,48,59,20,63,55,62,14,5,46,52,9,8,45
47,64,40,73,74,71,3,15,59,12,41,60,48,6,51,66,3,66,3,69,65,53,1,7,17,15,71,43,59,8,46,48,54,6,72,22,27,34,58,69,60,61,44,37,0,61,61,7,55,67,34,6,18,55,3,32,40,71,16,9,48,9,73,19,45,61,62,37,57,68,67,16,41,59,15,56,36,44,20,7,23,68,35,20,57,58,2,66,60,24,50,22,69,21,13,56,36,49,72,24
41,59,72,10,69,43,39,11,18,25,69,4,29,55,46,53,65,2,34,55,5,71,60,44,27,47,33,36,69,35,29,36,2,13,40,6,2,50,47,69,12,26,35,7,61,0,6,59,28,44,14,6,12,62,23,29,49,61,57,28,15,48,1,21,48,44,25,74,10,55,12,33,62,27,6,42,21,10,52,36,14,8,15,10,24,71,40,19,33,50,41,46,64,29,56,12,5,26,61,28
33,24,9,18,31,63,31,44,45,24,23,21,36,34,17,28,46,63,2,56,33,38,46,12,25,2,45,60,37,17,74,5,43,71,36,67,38,64,62,27,47,13,7,19,61,6,0,72,45,26,69,67,63,20,22,58,52,37,72,36,74,37,38,57,29,34,10,57,42,48,60,17,64,67,22,54,26,21,13,50,40,62,20,14,32,36,59,10,4,47,3,11,52,39,41,60,59,38,21,9
22,34,4,2,1,21,8,6,9,67,26,49,68,50,31,19,16,22,36,31,7,23,36,6,7,24,54,40,62,69,22,67,4,61,59,63,62,37,3,20,52,3,62,34,7,59,72,0,66,72,70,48,7,6,14,3,54,11,48,59,42,28,61,23,24,59,38,20,55,13,69,17,7,6,57,61,55,57,72,35,59,32,70,1,73,43,26,42,23,12,50,51,59,26,19,26,25,69,56,22
38,56,23,45,41,47,35,61,39,19,64,37,2,52,47,19,39,19,71,18,42,59,20,43,38,40,51,17,10,24,53,37,32,53,7,30,20,4,31,59,7,71,51,48,55,28,45,66,0,45,57,63,67,45,6,17,65,31,49,58,19,42,17,1,57,2,30,19,16,50,68,1,56,60,68,73,9,39,61,48,71,71,72,5,33,24,10,10,60,39,70,74,31,28,17,34,20,34,33,20
57,9,43,9,16,44,34,54,63,23,26,72,12,43,42,57,4,37,19,39,40,18,20,22,62,25,16,53,57,64,40,58,35,72,66,13,4,24,19,38,40,51,20,53,67,44,26,72,45,0,10,32,38,25,51,33,33,59,61,56,59,38,42,47,8,19,46,23,57,20,3,22,42,72,51,54,42,40,65,30,34,16,57,41,27,52,9,1,45,49,43,68,48,39,20,4,55,13,21,20
57,9,40,31,17,72,41,69,69,31,11,56,35,47,10,4,64,54,29,17,57,18,36,27,67,45,7,11,69,20,15,5,2,74,1,32,19,48,36,42,66,64,72,74,34,14,69,70,57,10,0,41,41,59,65,59,72,14,69,4,18,1,50,67,43,12,38,43,14,24,53,41,11,29,30,43,2,43,69,8,55,72,46,54,23,34,4,29,27,22,61,34,60,59,21,6,5,48,32,68
43,20,67,66,25,7,60,37,37,53,38,43,41,65,13,51,33,15,32,63,18,35,17,54,54,27,21,49,62,65,52,20,5,74,38,31,49,59,66,51,20,70,14,69,6,6,67,48,63,32,41,0,31,12,40,70,49,30,20,63,70,28,5,14,43,14,22,35,26,24,35,18,3,49,12,60,31,25,56,56,13,9,13,47,63,38,13,53,68,17,65,16,62,64,39,36,66,5,38,46
56,39,41,41,8,38,52,49,21,11,64,23,5,50,1,46,41,17,62,50,44,46,4,64,29,10,65,47,20,14,4,49,69,12,51,54,25,22,21,7,18,51,23,7,18,12,63,7,67,38,41,31,0,55,18,2,11,57,72,29,74,25,11,29,42,47,41,24,12,12,11,53,35,9,52,14,60,39,41,16,59,39,43,32,54,6,45,64,34,49,23,45,21,60,59,71,33,34,45,63
48,72,32,28,56,39,65,66,49,65,29,19,49,65,31,56,42,73,62,61,34,46,13,26,23,68,42,17,16,57,14,10,40,71,42,31,49,37,45,65,63,68,31,71,55,62,20,6,45,25,59,12,55,0,3,14,70,71,34,61,69,50,28,31,33,51,35,71,27,26,67,41,56,10,34,6,50,53,69,49,52,64,35,34,60,62,15,2,5,11,13,47,3,35,51,9,18,22,13,24
10,53,41,16,56,7,4,40,68,7,52,66,66,35,37,73,51,44,34,59,64,10,20,72,52,48,35,14,39,3,4,48,28,40,36,71,1,61,2,70,37,19,18,13,3,23,22,14,6,51,65,40,18,3,0,60,23,58,41,42,55,58,67,11,59,15,3,10,10,10,70,21,70,48,65,28,18,14,41,19,23,2,44,72,63,1,47,27,9,41,31,39,66,12,33,5,29,54,8,50
38,24,53,33,41,67,17,21,38,35,47,34,9,11,12,29,28,23,29,35,49,10,15,71,66,49,32,13,30,48,66,29,27,6,24,68,54,45,12,8,12,66,15,72,32,29,58,3,17,33,59,70,2,14,60,0,22,45,12,33,1,17,20,38,16,26,56,31,5,29,36,62,23,61,42,5,20,44,36,15,18,58,46,11,53,30,35,53,30,2,6,44,34,69,8,28,41,9,67,47
26,22,2,71,26,66,35,73,73,3,34,61,33,6,50,20,6,72,69,23,27,22,45,16,69,50,58,12,36,42,63,57,12,24,45,71,29,40,62,63,18,69,53,45,40,49,52,54,65,33,72,49,11,70,23,22,0,68,47,2,24,9,47,5,50,36,23,39,53,61,24,24,26,50,64,57,65,65,13,63,72,57,65,5,48,24,48,66,28,57,13,39,47,53,23,20,68,46,7,47
7,63,60,10,62,33,71,3,15,56,36,8,21,53,2,65,34,67,55,51,26,55,61,57,7,56,49,16,74,28,9,49,12,67,68,26,3,25,15,68,49,23,14,18,71,61,37,11,31,59,14,30,57,71,58,45,68,0,15,58,64,25,11,57,24,19,15,6,41,30,56,37,29,5,16,41,31,67,5,33,40,10,41,64,15,12,5,49,2,22,73,57,19,51,11,47,64,67,26,36
11,68,11,35,41,58,59,25,9,52,71,64,73,23,9,60,4,15,55,74,19,31,60,46,36,63,49,71,45,16,31,29,26,62,51,22,31,31,62,1,42,6,39,6,16,57,72,48,49,61,69,20,72,34,41,12,47,15,0,51,53,35,27,21,6,33,13,30,69,38,68,7,74,8,24,59,45,35,23,10,22,13,24,9,62,72,17,53,3,46,50,3,1,11,64,21,40,39,43,25
15,48,36,64,71,11,34,73,23,16,7,3,46,50,71,35,55,1,71,57,71,62,60,69,10,39,12,2,70,59,9,23,25,1,71,66,54,59,26,39,22,57,22,23,9,28,36,59,58,56,4,63,29,61,42,33,2,58,51,0,31,31,73,5,30,59,44,23,67,7,24,66,49,51,36,11,71,66,33,62,25,28,59,8,71,1,22,4,33,59,68,40,60,42,56,1,36,19,23,72
50,19,20,4,67,46,25,28,30,51,21,67,19,49,73,7,3,53,38,62,23,70,53,45,19,12,32,71,37,11,43,26,59,48,8,16,69,26,50,49,47,7,35,61,48,15,74,42,19,59,18,70,74,69,55,1,24,64,53,31,0,16,39,17,42,74,10,71,10,14,48,10,7,49,3,73,40,28,53,71,29,52,45,58,44,28,63,17,59,74,21,53,50,31,37,71,71,55,29,3
32,7,28,52,27,20,5,23,32,42,34,67,10,40,3,42,71,65,59,53,12,30,64,52,66,29,38,2,33,37,71,69,37,60,38,10,73,35,4,29,53,54,69,6,9,48,37,28,42,38,1,28,25,50,58,17,9,25,35,31,16,0,44,42,27,66,47,47,22,6,22,18,26,63,12,12,38,45,12,48,63,58,20,24,14,34,25,21,69,30,29,44,6,16,54,43,15,63,32,41
52,63,49,73,41,33,55,9,24,63,44,39,41,53,37,14,55,9,34,45,27,4,58,56,15,61,28,72,58,1,19,34,35,19,9,39,73,28,55,49,21,34,16,27,73,1,38,61,17,42,50,5,11,28,67,20,47,11,27,73,39,44,0,40,14,7,35,3,33,42,48,3,53,13,44,45,58,5,64,29,30,25,42,22,28,26,47,50,74,70,26,15,69,22,41,69,7,20,32,43
20,44,13,21,26,63,38,68,52,42,65,9,62,38,64,40,70,3,63,56,55,43,16,29,9,13,36,23,56,14,74,33,10,5,41,68,67,51,37,57,31,49,1,10,19,21,57,23,1,47,67,14,29,31,11,38,5,57,21,5,17,42,40,0,67,17,72,33,59,39,25,32,54,68,66,10,9,67,49,3,38,67,29,22,18,15,29,45,20,47,60,8,54,48,36,70,8,45,18,3
1,71,21,10,47,15,15,11,7,67,35,14,62,37,18,27,38,45,29,37,53,56,74,19,41,25,26,39,33,36,26,34,66,20,51,30,65,43,70,43,27,13,68,12,45,48,29,24,57,8,43,43,42,33,59,16,50,24,6,30,42,27,14,67,0,43,63,42,63,16,46,13,22,2,52,71,56,56,41,21,19,22,72,18,40,16,33,11,28,59,61,67,40,61,53,4,11,18,19,13
40,5,15,51,59,23,32,25,30,32,33,53,62,37,62,24,18,45,55,65,52,24,7,3,24,72,58,64,4,63,16,70,50,8,11,16,60,49,22,47,58,40,51,5,61,44,34,59,2,19,12,14,47,51,15,26,36,19,33,59,74,66,7,17,43,0,18,21,71,26,23,30,23,57,27,10,46,27,27,6,65,34,6,67,21,46,49,15,72,50,41,65,42,2,36,60,55,43,1,54
21,44,15,68,56,36,13,67,22,27,56,62,16,70,61,54,20,39,73,6,1,37,49,35,29,60,29,67,7,11,50,17,62,36,58,6,42,37,28,21,11,47,39,52,62,25,10,38,30,46,38,22,41,35,3,56,23,15,13,44,10,47,35,72,63,18,0,34,49,56,60,3,58,42,6,19,10,42,41,6,74,19,24,23,4,40,19,31,71,69,9,44,27,54,39,20,37,64,54,15
71,22,25,46,10,25,56,37,23,37,35,3,41,29,47,39,57,1,39,72,28,17,16,48,59,17,53,14,60,55,73,66,49,31,30,70,31,30,9,63,67,2,39,7,37,74,57,20,19,23,43,35,24,71,10,31,39,6,30,23,71,47,3,33,42,21,34,0,12,28,64,51,47,11,6,65,32,37,35,39,21,18,67,68,45,28,45,50,67,7,40,32,46,42,17,8,1,5,24,58
68,62,66,67,61,60,28,46,8,19,64,57,65,9,1,59,74,51,32,8,67,70,19,21,63,74,36,49,49,52,47,2,73,29,67,45,10,36,72,32,22,35,8,46,57,10,42,55,16,57,14,26,12,27,10,5,53,41,69,67,10,22,33,59,63,71,49,12,0,25,46,74,48,40,18,55,66,64,45,49,68,33,22,47,22,47,4,74,16,45,26,54,3,5,69,7,25,39,19,41
30,15,35,15,2,74,70,44,44,69,35,71,9,18,29,16,27,71,16,41,24,36,26,39,51,5,54,70,3,3,5,26,73,66,23,28,49,5,33,47,37,66,74,13,68,55,48,13,50,20,24,24,12,26,10,29,61,30,38,7,14,6,42,39,16,26,56,28,25,0,58,39,69,11,31,21,45,3,5,24,8,13,28,3,53,48,13,5,31,35,15,65,45,2,67,34,5,8,74,65
2,33,30,56,31,12,2,52,21,35,37,26,64,51,67,51,56,65,24,30,45,40,15,19,31,32,70,73,42,37,28,57,19,32,5,50,64,31,7,62,58,9,27,49,67,12,60,69,68,3,53,35,11,67,70,36,24,56,68,24,48,22,48,25,46,23,60,64,46,58,0,46,2,24,35,8,43,25,34,43,6,5,23,39,42,18,68,62,33,73,43,18,60,34,19,71,11,38,72,48
50,30,14,26,55,18,62,3,12,19,37,48,67,63,51,4,9,9,9,8,23,17,38,23,48,30,39,8,54,72,13,26,47,22,17,59,21,72,54,20,51,33,47,37,16,33,17,17,1,22,41,18,53,41,21,62,24,37,7,66,10,18,3,32,13,30,3,51,74,39,46,0,46,35,43,68,28,17,32,21,33,47,40,29,65,23,30,39,5,18,9,8,66,3,63,38,9,37,45,7
62,62,72,31,58,52,47,40,1,32,17,26,17,72,29,60,45,27,28,54,10,8,71,49,16,30,67,14,9,9,18,46,54,4,7,25,63,58,38,30,12,49,30,22,41,62,64,7,56,42,11,3,35,56,70,23,26,29,74,49,7,26,53,54,22,23,58,47,48,69,2,46,0,73,49,35,64,20,61,25,70,19,71,38,42,74,58,24,5,4,61,31,29,39,67,31,45,8,25,11
72,51,31,12,28,28,40,3,21,52,7,17,6,16,47,51,32,18,25,46,29,5,30,66,46,9,17,56,17,55,4,34,37,17,71,52,6,54,25,42,52,22,1,62,59,27,67,6,60,72,29,49,9,10,48,61,50,5,8,51,49,63,13,68,2,57,42,11,40,11,24,35,73,0,19,29,21,16,47,60,16,67,56,40,72,42,17,64,64,24,25,63,37,4,58,32,21,25,28,59
5,16,63,61,56,73,49,62,41,30,5,59,36,57,19,71,55,42,26,58,61,61,44,64,50,32,65,4,61,48,67,1,63,18,2,16,29,57,56,33,10,71,41,61,15,6,22,57,68,51,30,12,52,34,65,42,64,16,24,36,3,12,44,66,52,27,6,6,18,31,35,43,49,19,0,3,54,65,22,49,18,47,6,72,46,29,3,64,45,63,38,1,69,31,55,12,61,68,58,57
34,24,46,47,67,72,54,26,65,14,66,54,62,44,43,7,20,46,61,42,73,58,45,16,45,46,7,6,11,44,59,45,15,3,9,71,20,56,62,7,71,52,38,70,56,42,54,61,73,54,43,60,14,6,28,5,57,41,59,11,73,12,45,10,71,10,19,65,55,21,8,68,35,29,3,0,30,52,42,44,26,53,12,1,42,41,41,52,69,70,67,45,69,9,26,3,40,55,14,32
44,10,28,55,18,48,7,63,4,64,18,21,35,30,73,68,8,23,40,61,64,15,53,30,26,74,35,37,66,37,28,45,10,52,1,53,12,63,19,56,66,16,19,1,36,21,26,55,9,42,2,31,60,50,18,20,65,31,45,71,40,38,58,9,56,46,10,32,66,45,43,28,64,21,54,30,0,8,23,58,40,57,48,67,5,14,31,55,67,2,11,32,57,39,56,13,50,46,1,55
51,50,65,60,10,64,65,19,67,44,64,44,31,38,63,38,34,60,39,43,7,67,30,66,27,17,2,63,69,43,62,49,1,1,17,13,47,57,40,3,39,42,4,48,44,10,21,57,39,40,43,25,39,53,14,44,65,67,35,66,28,45,5,67,56,27,42,37,64,3,25,17,20,16,65,52,8,0,74,10,27,15,53,14,74,2,3,60,64,42,56,39,44,15,38,4,5,25,47,67
54,43,59,5,17,30,2,44,10,28,53,32,38,37,21,46,48,59,58,70,25,51,64,19,13,27,60,74,1,32,56,26,12,46,1,33,24,73,33,32,51,66,63,1,20,52,13,72,61,65,69,56,41,69,41,36,13,5,23,33,53,12,64,49,41,27,41,35,45,5,34,32,61,47,22,42,23,74,0,50,51,52,60,49,39,25,70,19,38,55,19,63,40,68,26,70,69,44,8,28
49,13,35,71,26,47,22,70,62,17,65,7,10,49,51,24,10,58,9,65,18,49,69,72,59,20,14,1,28,6,47,37,40,31,48,47,71,9,12,3,73,42,4,8,7,36,50,35,48,30,8,56,16,49,19,15,63,33,10,62,71,48,29,3,21,6,6,39,49,24,43,21,25,60,49,44,58,10,50,0,21,20,17,1,67,34,43,24,74,73,72,50,54,25,39,21,54,58,6,17
54,11,61,37,22,73,14,4,60,17,70,2,10,56,27,6,34,26,47,38,24,74,56,46,37,22,13,41,13,22,30,52,38,19,39,69,37,30,45,73,10,56,24,8,23,14,40,59,71,34,55,13,59,52,23,18,72,40,22,25,29,63,30,38,19,65,74,21,68,8,6,33,70,16,18,26,40,27,51,21,0,16,47,54,62,2,15,35,29,26,5,57,30,50,41,4,23,72,69,28
28,36,67,56,69,42,69,4,68,39,11,37,65,23,74,63,49,5,26,59,73,3,22,13,27,14,14,64,40,42,27,66,29,49,19,40,55,37,70,39,56,67,58,28,68,8,62,32,71,16,72,9,39,64,2,58,57,10,13,28,52,58,25,67,22,34,19,18,33,13,5,47,19,67,47,53,57,15,52,20,16,0,46,42,62,71,6,66,42,15,17,53,45,44,72,44,8,13,8,11
44,68,32,55,4,70,6,2,11,33,30,21,45,7,7,11,62,53,25,36,41,32,59,62,58,2,52,68,8,47,7,5,23,24,15,47,1,20,8,68,62,63,72,18,35,15,20,70,72,57,46,13,43,35,44,46,65,41,24,59,45,20,42,29,72,6,24,67,22,28,23,40,71,56,6,12,48,53,60,17,47,46,0,50,48,28,13,29,60,30,56,22,48,66,16,36,9,10,5,6
9,41,25,62,44,54,44,51,38,55,73,26,20,62,19,28,23,74,43,62,56,37,11,49,18,34,16,63,3,69,26,8,1,8,7,51,45,3,67,29,58,10,44,26,20,10,14,1,5,41,54,47,32,34,72,11,5,64,9,8,58,24,22,22,18,67,23,68,47,3,39,29,38,40,72,1,67,14,49,1,54,42,50,0,47,31,48,64,57,73,58,70,55,19,54,52,58,56,24,38
5,3,45,12,13,36,48,45,30,6,48,22,64,29,61,47,30,13,64,24,63,44,38,41,63,19,23,66,70,73,41,49,61,40,28,69,43,73,41,66,15,14,58,19,57,24,32,73,33,27,23,63,54,60,63,53,48,15,62,71,44,14,28,18,40,21,4,45,22,53,42,65,42,72,46,42,5,74,39,67,62,62,48,47,0,58,43,71,13,68,56,22,47,35,10,41,72,33,44,9
73,4,67,34,63,48,49,9,13,63,67,13,5,58,7,74,66,9,15,73,13,7,46,19,61,65,57,56,72,7,35,57,48,13,1,12,60,54,32,19,32,12,54,29,58,71,36,43,24,52,34,38,6,62,1,30,24,12,72,1,28,34,26,15,16,46,40,28,47,48,18,23,74,42,29,41,14,2,25,34,2,71,28,31,58,0,15,13,3,21,18,27,10,74,39,29,19,27,30,69
22,60,52,46,13,66,64,59,43,51,36,30,34,14,40,39,52,68,50,21,67,49,53,3,63,40,38,9,27,49,48,74,34,66,45,31,49,11,12,68,2,3,49,32,2,40,59,26,10,9,4,13,45,15,47,35,48,5,17,22,63,25,47,29,33,49,19,45,4,13,68,30,58,17,3,41,31,3,70,43,15,6,13,48,43,15,0,37,46,1,44,58,49,40,62,72,24,59,22,2
45,34,28,69,38,15,5,46,45,11,2,52,54,9,60,74,18,36,67,6,8,4,29,18,28,68,68,38,48,45,39,10,19,50,36,24,65,11,19,67,25,1,50,48,66,19,10,42,10,1,29,53,64,2,27,53,66,49,53,4,17,21,50,45,11,15,31,50,74,5,62,39,24,64,64,52,55,60,19,24,35,66,29,64,71,13,37,0,7,25,23,2,13,33,57,51,53,35,69,74
72,29,55,62,74,30,61,6,16,64,47,16,26,67,55,17,57,64,15,56,56,42,54,27,29,73,5,13,6,36,61,27,60,63,23,52,67,53,34,30,10,45,70,59,60,33,4,23,60,45,27,68,34,5,9,30,28,2,3,33,59,69,74,20,28,72,71,67,16,31,33,5,5,64,45,69,67,64,38,74,29,42,60,57,13,3,46,7,0,70,35,67,29,45,42,63,22,50,45,49
14,59,71,67,27,74,40,6,39,15,18,50,30,65,11,30,22,60,23,62,54,53,66,47,64,44,33,62,16,27,8,51,61,57,56,66,12,29,40,47,34,46,40,20,24,50,47,12,39,49,22,17,49,11,41,2,57,22,46,59,74,30,70,47,59,50,69,7,45,35,73,18,4,24,63,70,2,42,55,73,26,15,30,73,68,21,1,25,70,0,23,25,14,8,22,27,40,74,3,53
15,27,41,44,4,30,52,11,74,45,40,33,39,74,33,52,21,14,37,69,54,37,5,73,35,9,43,69,3,36,35,28,64,60,63,37,15,6,27,43,43,69,30,63,50,41,3,50,70,43,61,65,23,13,31,6,13,73,50,68,21,29,26,60,61,41,9,40,26,15,43,9,61,25,38,67,11,56,19,72,5,17,56,58,56,18,44,23,35,23,0,67,65,9,71,33,65,65,27,47
26,40,40,44,16,49,16,59,37,41,54,33,67,64,26,5,1,19,66,25,10,46,11,16,43,69,42,13,35,50,44,64,35,47,20,60,59,31,58,67,59,55,50,55,22,46,11,51,74,68,34,16,45,47,39,44,39,57,3,40,53,44,15,8,67,65,44,32,54,65,18,8,31,63,1,45,32,39,63,50,57,53,22,70,22,27,58,2,67,25,67,0,64,2,6,28,12,3,58,25
70,53,24,64,30,67,41,7,52,13,45,13,58,3,36,56,28,5,38,60,33,16,64,57,52,44,61,66,12,72,14,22,72,53,39,25,5,11,66,16,32,23,33,62,69,64,52,59,31,48,60,62,21,3,66,34,47,19,1,60,50,6,69,54,40,42,27,46,3,45,60,66,29,37,69,69,57,44,40,54,30,45,48,55,47,10,49,13,29,14,65,64,0,61,13,51,65,57,17,27
29,65,6,3,25,74,52,18,31,1,44,15,6,41,44,32,33,46,21,40,38,48,32,66,72,66,10,29,74,7,46,10,63,51,34,41,29,60,55,1,40,37,10,14,21,29,39,26,28,39,59,64,60,35,12,69,53,51,11,42,31,16,22,48,61,2,54,42,5,2,34,3,39,4,31,9,39,15,68,25,50,44,66,19,35,74,40,33,45,8,9,2,61,0,27,20,25,7,34,34
21,25,14,66,17,49,71,19,3,58,33,46,21,74,11,61,23,58,40,35,40,29,31,35,41,32,23,29,32,60,4,50,6,24,26,29,23,69,31,66,69,20,33,5,13,56,41,19,17,20,21,39,59,51,33,8,23,11,64,56,37,54,41,36,53,36,39,17,69,67,19,63,67,58,55,26,56,38,26,39,41,72,16,54,10,39,62,57,42,22,71,6,13,27,0,3,48,5,13,51
12,49,7,31,70,9,33,8,22,57,19,20,29,38,67,29,22,38,43,61,64,8,71,12,48,45,1,21,71,44,43,15,18,40,63,67,55,1,45,18,67,55,41,46,56,12,60,26,34,4,6,36,71,9,5,28,20,47,21,1,71,43,69,70,4,60,20,8,7,34,71,38,31,32,12,3,13,4,70,21,4,44,36,52,41,29,72,51,63,27,33,28,51,20,3,0,42,1,22,28
30,73,35,3,51,3,7,64,60,32,32,42,64,65,48,24,18,3,31,71,51,28,56,61,43,6,71,65,54,68,63,65,61,65,73,51,8,49,48,19,41,9,30,52,36,5,59,25,20,55,5,66,33,18,29,41,68,64,40,36,71,15,7,8,11,55,37,1,25,5,11,9,45,21,61,40,50,5,69,54,23,8,9,58,72,19,24,53,22,40,65,12,65,25,48,42,0,11,6,35
28,6,1,56,72,46,5,52,26,5,1,70,32,6,13,73,70,74,2,6,60,20,73,36,69,69,57,55,43,8,37,56,31,5,47,62,59,51,10,48,67,56,30,9,49,26,38,69,34,13,48,5,34,22,54,9,46,67,39,19,55,63,20,45,18,43,64,5,39,8,38,37,8,25,68,55,46,25,44,58,72,13,10,56,33,27,59,35,50,74,65,3,57,7,5,1,11,0,28,62
10,44,68,12,33,42,47,55,7,44,46,53,18,74,42,54,64,38,53,53,40,18,18,9,64,48,56,34,40,22,33,32,35,38,14,9,58,19,37,23,4,60,56,8,72,61,21,56,33,21,32,38,45,13,8,67,7,26,43,23,29,32,32,18,19,1,54,24,19,74,72,45,25,28,58,14,1,47,8,6,69,8,5,24,44,30,22,69,45,3,27,58,17,34,13,22,6,28,0,40
33,31,48,11,70,72,59,49,38,13,71,51,45,69,69,31,30,25,38,18,71,47,8,65,13,8,11,53,53,4,12,1,71,33,10,21,40,63,23,62,60,56,39,45,24,28,9,22,20,20,68,46,63,24,50,47,47,36,25,72,3,41,43,3,13,54,15,58,41,65,48,7,11,59,57,32,55,67,28,17,28,11,6,38,9,69,2,74,49,53,47,25,27,34,51,28,35,62,40,0
